0.0206163
2.1e-05
0.0182987
3.6e-05
0.0185807
0.000214
0.0195666
3.9e-05
0.0183065
2e-05
0.0192487
3.5e-05
0.0190742
6.2e-05
0.0205632
3e-05
0.0182245
3e-05
0.019638
0.000238
0.0181229
5.7e-05
0.0217725
0.000288
0.018863
1.1e-05
0.0178077
3.4e-05
0.0180938
0.000108
0.0191825
3.8e-05
0.0174344
1.9e-05
0.0173857
3.6e-05
0.0176289
4.3e-05
0.0186495
2.6e-05
0.0180691
2.7e-05
0.0176905
9.8e-05
0.020947
5.6e-05
0.0203623
0.00024
12.5829
12.5488
0.0183859
1.03e-05
0.0176341
7.38e-05
0.0176757
0.0001026
0.0184928
3.49e-05
0.0173897
1.89e-05
0.0204799
3.54e-05
0.0172471
4.25e-05
0.0179739
2.93e-05
0.0177804
2.7e-05
0.0179699
0.0001013
0.0179036
4.46e-05
0.0206729
0.0001395
1.44651
1.4227
